 Ç¥ 1
      Cfg   CODE  VD    FD    vtype ASIGN semi  assignRHS   EXPR  literaTERM  FACTR id    num   float lp    addsb muldv rp    MA    coma  ARG   {     STMT  B     if    while for   COND  }     ELSE  else  comp  returnRETRN
     1     3     2     3     5     7
     2´õ¹Ì
     3     3     4     3     5     7
     4     1
     5     3     6     3     5     7
     6     2
     7                                   9                                               8
     8                                        10    13                                                    29
     9                                        11                                        12
    10     4
    11     5
    12                                              13
    13                                                    14    15    16    17    18    19    20    21    22
    14     6
    15    21
    16    22
    17    24                                                                                                    23
    18    26                                                                                                          25
    19    28
    20    29
    21    30
    22                                                          27          17    18    19    20    21    22
    23                                                          24          17    18    19    20    21    22
    24    23
    25                                                                      26    18    19    20    21    22
    26    25
    27                                                                                                                      28
    28    27
    29     9                      30                                                                                                          37
    30                                                                                  31
    31    11                                                                                                                      32    33
    32     8
    33                            34
    34                                                                                  35
    35    11                                                                                                                      36    33
    36    10
    37                                                                                                                      38
    38                                                                                                                                              39
    39    13          42           7    43                                               8                                                                40    78    45    60    67
    40    13          42           7    43                                               8                                                                40    41    45    60    67
    41    12
    42    14
    43                                        44
    44    15
    45                                                                                                    46
    46                                                                            57    19    20    21    22                                                                            47
    47                                                                                                                      48
    48                                                                                                                                              49
    49    13          42           7    43                                               8                                                                40    50    45    60    67
    50                                                                                                                                                                                        51
    51    20                                                                                                                                                                                        52    53
    52    16
    53                                                                                                                                              54
    54    13          42           7    43                                               8                                                                40    55    45    60    67
    55                                                                                                                                                                                        56
    56    19
    57                                                                                                                                                                                                          58
    58                                                                            59    19    20    21    22
    59    31
    60                                                                                                    61
    61                                                                            57    19    20    21    22                                                                            62
    62                                                                                                                      63
    63                                                                                                                                              64
    64    13          42           7    43                                               8                                                                40    55    45    60    67
    65                                                                                                                                                                                        66
    66    17
    67                                                                                                    68
    68                                  69                                               8
    69                                        70
    70                                                                            57    19    20    21    22                                                                            71
    71                                        72
    72                                  73                                               8
    73                                                                                                                      74
    74                                                                                                                                              75
    75    13          42           7    43                                               8                                                                40    55    45    60    67
    76                                                                                                                                                                                        77
    77    18
    78                                                                                                                                                                                                                79    82
    79                                                                            80    19    20    21    22
    80                                        81
    81    32
    82                                                                                                                                                                                        83
    83     7

